the penalty for fit strategy
[0.0, 0.0, 295.7000000000001, 2670.2999999999993, 5657.2000000000035, 7225.299999999994, 12538.599999999984, 20801.70000000003, 27669.400000000052, 28138.000000000025, 36437.300000000025, 43209.200000000346, 53954.60000000007]
the penalty for overprovision strategy
[0.0, 0.0, 580.6999999999998, 3175.8999999999996, 6156.4000000000015, 7772.699999999994, 12758.999999999944, 19915.39999999998, 27092.80000000006, 28117.60000000011, 35945.500000000065, 43887.500000000226, 54020.80000000009]
the penalty for adjust without prediction strategy
[0.0, 0.0, 0.0, 11.799999999999999, 708.5, 2966.6000000000004, 8185.9000000000015, 14627.799999999992, 19615.499999999993, 24050.59999999997, 31797.100000000042, 39854.90000000029, 48359.30000000018]
the penalty for adjust with prediction strategy
[0.0, 0.0, 0.0, 2.1, 646.8999999999996, 2959.6, 7799.600000000005, 14155.299999999988, 20226.19999999993, 24160.10000000002, 31232.900000000063, 39423.100000000224, 47639.20000000012]
the transfer traffic for fit strategy
[0.0, 0.0, 0.0, 0.0, 0.0, 0.0, 0.0, 0.0, 0.0, 0.0, 0.0, 0.0, 0.0]
the transfer traffic for overprovision strategy
[0.0, 0.0, 0.0, 0.0, 0.0, 0.0, 0.0, 0.0, 0.0, 0.0, 0.0, 0.0, 0.0]
the transfer traffic for adjust without prediction strategy
[0.0, 0.0, 61.0, 800.0, 1205.0, 1379.0, 1176.0, 1290.0, 1488.0, 1565.0, 1658.0, 1333.0, 1367.0]
the transfer traffic for adjust with prediction strategy
[0.0, 0.0, 17.0, 390.0, 1143.0, 1489.0, 1315.0, 1161.0, 1662.0, 1714.0, 1466.0, 1407.0, 1204.0]
the failure for fit strategy
[ 24  37 150 145 174 181 199 199 196 197 158 146 171 171 139 143  69  85
  44  47  76  88  13   9  35  35 165 145 177 180 200 200 198 198 165 160
 169 176 138 127  63  79  38  43  75  63  18   5  35  28 158 158 177 182
 197 199 197 198 153 157 164 169 137 141  73  81  45  40  69  61  21  15
  35  30 143 151 190 181 198 199 198 197 161 159 165 172 139 136  66  82
  40  44  73  79  10   7  38  34 148 157 179 186 197 199 197 197 155 160
 169 165 130 139  69  80  43  47  65  71  15   9]
the failure for overprovision strategy
[36  0  0  0  0  0  0  0  0  0  0  0  0  0  0  0  0  0  0  0  0  0  0  0
  0  0  0  0  0  0  0  0  0  0  0  0  0  0  0  0  0  0  0  0  0  0  0  0
  0  0  0  0  0  0  0  0  0  0  0  0  0  0  0  0  0  0  0  0  0  0  0  0
  0  0  0  0  0  0  0  0  0  0  0  0  0  0  0  0  0  0  0  0  0  0  0  0
  0  0  0  0  0  0  0  0  0  0  0  0  0  0  0  0  0  0  0  0  0  0  0  0]
the failure for adjust without prediction strategy
[ 24  29 153 151 180 180 201 202 194 195 152 143 165 168 134 134  61  74
  33  34  56  62   1   0  18  16 141 129 174 172 204 204 202 199 148 143
 162 165 118 112  51  67  32  32  73  50   4   0  17  16 134 141 183 190
 204 204 201 200 142 130 160 156 117 124  54  62  32  22  62  43   1   0
  15  18 126 145 185 180 203 204 196 200 152 145 164 154 123 117  57  64
  35  38  50  62   2   0  16  21 129 136 177 181 201 202 197 196 139 153
 161 157 118 128  50  62  38  31  44  42   2   0]
the failure for adjust with prediction strategy
[ 24  29 154 149 183 177 203 202 193 196 148 149 169 174 129 141  64  78
  30  34  59  65   1   0  17  19 136 129 178 175 204 204 199 197 146 146
 163 166 125 116  52  64  29  32  52  36   4   0  16  15 139 135 184 193
 203 203 200 200 136 128 159 159 109 120  50  62  29  28  41  28   0   0
  11  15 122 116 184 180 204 203 198 198 140 137 154 159 116 119  50  62
  28  32  42  56   3   0  16  20 140 138 185 190 203 204 196 196 135 154
 166 162 116 124  45  63  34  33  41  44   3   0]
